0

00 FF FF FF FF FF FF FF FF FF FF 00 04 22 24 02 01 01 48 00 01 01 48 00 60 01 01 80 00 00 0A 00 01 00 00 00 00 37 00 00 40 01 D0 00 40 22 00 38 02 00 02 00 00 00 00 00 40 22 00 38 02 00 02 00

**

1

00 FF FF FF FF FF FF FF FF FF FF 00 05 42 74 02 01 01 48 00 01 01 48 00 60 01 01 80 00 00 0A 00 01 00 00 00 20 40 00 00 40 01 D0 00 60 29 00 38 04 00 02 00 00 00 00 00 60 29 00 38 04 00 02 00

**

2

00 FF FF FF FF FF FF FF FF FF FF 00 06 58 53 02 01 01 48 00 01 01 48 00 60 01 01 80 00 00 0A 00 01 00 00 00 14 36 00 00 40 01 D0 00 60 1F 00 38 02 00 02 00 00 00 00 00 60 1F 00 38 02 00 02 00

**

3

00 FF FF FF FF FF FF FF FF FF FF 00 07 33 28 02 01 01 48 00 01 01 48 00 60 01 01 80 00 00 0A 00 01 00 00 00 18 42 00 00 40 01 D0 00 20 2E 00 38 03 00 02 00 00 00 00 00 20 2E 00 38 03 00 02 00

**

4

00 FF FF FF FF FF FF FF FF FF FF 00 08 24 13 02 01 01 48 00 01 01 48 00 60 01 01 80 00 00 0A 00 01 00 00 00 D4 41 00 00 40 01 D0 00 40 2C 00 38 06 00 02 00 00 00 00 00 40 2C 00 38 06 00 02 00

**

5

00 FF FF FF FF FF FF FF FF FF FF 00 08 48 63 02 01 01 48 00 01 01 48 00 60 01 01 80 00 00 0A 00 01 00 00 00 30 09 00 00 40 01 D0 00 20 06 00 38 01 00 02 00 00 00 00 00 20 06 00 38 01 00 02 00

**

6

00 FF FF FF FF FF FF FF FF FF FF 00 09 55 38 02 01 01 48 00 01 01 48 00 60 01 01 80 00 00 0A 00 01 00 00 00 84 42 00 00 40 01 D0 00 60 2E 00 38 05 00 02 00 00 00 00 00 60 2E 00 38 05 00 02 00

**

7

00 FF FF FF FF FF FF FF FF FF FF 00 10 35 68 02 01 01 48 00 01 01 48 00 60 01 01 80 00 00 0A 00 01 00 00 00 30 09 00 00 40 01 D0 00 20 06 00 38 01 00 02 00 00 00 00 00 20 06 00 38 01 00 02 00

**

8

00 FF FF FF FF FF FF FF FF FF FF 00 13 15 04 02 01 01 48 00 01 01 48 00 60 01 01 80 00 00 0A 00 01 00 00 00 DC 3E 00 00 40 01 D0 00 80 2B 00 38 05 00 02 00 00 00 00 00 80 2B 00 38 05 00 02 00

**

9

00 FF FF FF FF FF FF FF FF FF FF 00 13 43 54 02 01 01 48 00 01 01 48 00 60 01 01 80 00 00 0A 00 01 00 00 00 E8 13 00 00 40 01 D0 00 60 0C 00 38 01 00 02 00 00 00 00 00 60 0C 00 38 01 00 02 00

**

10

00 FF FF FF FF FF FF FF FF FF FF 00 17 53 54 02 01 01 48 00 01 01 48 00 60 01 01 80 00 00 0A 00 01 00 00 00 30 2F 00 00 40 01 D0 00 40 21 00 38 02 00 02 00 00 00 00 00 40 21 00 38 02 00 02 00

**

11

00 FF FF FF FF FF FF FF FF FF FF 00 22 41 64 02 01 01 48 00 01 01 48 00 60 01 01 80 00 00 0A 00 01 00 00 00 6C 1D 00 00 40 01 D0 00 00 13 00 38 01 00 02 00 00 00 00 00 00 13 00 38 01 00 02 00

**

14

00 FF FF FF FF FF FF FF FF FF FF 00 27 34 33 02 01 01 48 00 01 01 48 00 60 01 01 80 00 00 0A 00 01 00 00 00 30 09 00 00 40 01 D0 00 20 06 00 38 01 00 02 00 00 00 00 00 20 06 00 38 01 00 02 00